.Random.seed <-
c(403L, 451L, 1964037371L, -1524399543L, 1094458283L, 177184926L, 
1939406879L, 635211977L, 1221436539L, -501492708L, 978545289L, 
1326772970L, -412757639L, -165383594L, 75381038L, -538923031L, 
1633277289L, -1305749225L, -353103523L, 1821417617L, -950856091L, 
-2144819125L, 2011413308L, -1502583398L, 1855463356L, -544043883L, 
-1935617603L, 1388493683L, 648898969L, 179071341L, -114485237L, 
1039479887L, 331939930L, 797815338L, -1234859082L, -1225816931L, 
-755560266L, 1024052197L, 1512461770L, -1682013507L, 1619276343L, 
166916543L, -345119464L, -1400794134L, 1427777885L, 741735046L, 
-1979947955L, 1148591276L, 945739060L, -311943360L, -1774575508L, 
-987954690L, -538884645L, -1029976897L, 1561101025L, 1274416040L, 
403961541L, 180021418L, 1564722226L, -1259374138L, -316094794L, 
-1931057226L, -183163006L, -699358675L, -1349865951L, -89247667L, 
-4707299L, -205781889L, -1818743890L, 40390315L, -1189884889L, 
-538406078L, -2134864229L, 690376113L, -2128771993L, 1956016284L, 
-284511716L, -675423748L, -2121251191L, -413015762L, 1252093073L, 
20137668L, -1884194118L, 81560286L, -543056273L, 1782817820L, 
-508003407L, 475389645L, -2121127202L, -628474508L, -150485906L, 
-1256224743L, -1685321201L, 521267140L, -63671485L, -1173001000L, 
-16297333L, -975800377L, 410119104L, -521743282L, -2126115547L, 
402016153L, -1311666592L, -501131538L, -1153407714L, 1956024421L, 
-1347223391L, 1376362153L, -717793972L, 684848478L, -276791520L, 
1028124382L, 2141766235L, -832518908L, -844807535L, -1868568229L, 
1862134765L, 595899853L, -181276985L, -1119465179L, -849249717L, 
1358512634L, 1822970232L, 694833869L, -464725943L, -216691281L, 
493205911L, 264387594L, -982017573L, 1497732091L, 26906496L, 
399606328L, 1591245316L, -2009398258L, -124243997L, -1850877276L, 
482328486L, 1932384738L, -475057121L, 856212473L, -2029443049L, 
-464718605L, 1893072922L, 425762902L, 742447389L, -1688555107L, 
574964979L, -680381618L, 205812114L, -1818122852L, -1318872350L, 
-2097046871L, -954328537L, -345099420L, -1194228455L, 1483505073L, 
-493295659L, 1526518948L, 2033691895L, -1386631010L, 1769542095L, 
-66568029L, 777909445L, -540374239L, 219002960L, -958219132L, 
-170440526L, 497297297L, -1427966454L, -1520771587L, 445697183L, 
264974062L, -662515949L, -111942450L, 214206142L, 1904512373L, 
291321560L, 2098182095L, 1629420562L, 694488300L, 1135886056L, 
-1931935381L, 223838227L, -1889862387L, -728548525L, 1639518787L, 
612160916L, -2126930461L, 269202051L, -1569438720L, 1674408072L, 
-131318961L, 1050626700L, 1684991711L, 1154349259L, 484505107L, 
-1371501680L, 1006251264L, 584605499L, -216731558L, 2040394411L, 
-386356928L, 197635825L, -237515940L, -244717010L, -1218308815L, 
1998389096L, 259450258L, 38113255L, 1464921009L, -1159164930L, 
1258854236L, -842709411L, -2118328938L, -1962536946L, 1408274183L, 
855499709L, -143111781L, -1961153139L, 526698812L, 1560964778L, 
-213075903L, -1846441665L, -1710753451L, 666819012L, -1489173570L, 
-1151451568L, 328147304L, -1948954540L, -775944770L, 799175005L, 
1422533974L, 1697917612L, 989131693L, 1967141572L, 406242701L, 
1913358934L, -1953112021L, -1979271590L, 752870968L, 1559447333L, 
-1203166284L, 1920497274L, -317876777L, -1958506121L, 1856134833L, 
-1960129152L, 2134719522L, -224407479L, 1828404611L, -117440043L, 
1460224537L, -2538183L, -1123180090L, 1908827608L, 1107919846L, 
-1419370045L, 183735854L, -155184453L, -945546731L, 389088185L, 
-119021155L, -1595723221L, -44957121L, -719434290L, -1838745058L, 
802802654L, -1101224067L, 374189929L, -1377014762L, -1286091122L, 
-1549131998L, -1010595647L, -197915472L, -660646493L, 842265318L, 
-1674967387L, 393148037L, 145386794L, -1382356235L, -2049148597L, 
-1850433662L, -356881242L, -1026522187L, 398791319L, -704131187L, 
545392430L, 1468711123L, 1133303946L, 1061148170L, -958945739L, 
606224111L, 1175386646L, -799068299L, 1801871389L, 857314856L, 
1163249290L, -478635602L, -779391963L, 949845908L, -1956372348L, 
1267052412L, -1070524350L, 1444386063L, 1006835264L, 1042083563L, 
-931040492L, 628971599L, -932827291L, -2057329474L, -1960253640L, 
1699535006L, 1227352814L, -1485327023L, -2074391518L, -1400547102L, 
-1091899740L, 17288418L, 1720318107L, 2142286781L, -1282072731L, 
-385876420L, -797688359L, 877557496L, -326890070L, -1198655463L, 
1115377433L, -159429271L, -1859329377L, -1847820947L, 1235429636L, 
869028746L, 881612819L, -658909380L, 880927794L, 1112906815L, 
667354465L, -1645709885L, -916373432L, -1741658158L, -5238270L, 
238383089L, -1952400618L, -1562216016L, -766398368L, 1703089077L, 
1420480147L, 2093420468L, 1796262635L, 940687801L, 666603881L, 
-1219920545L, 1181740498L, 774251946L, -527861532L, 2109767032L, 
548035933L, 1652218185L, 672579262L, 1635466694L, -1049738610L, 
1046588542L, -926472288L, 1203031795L, -503186335L, 410050036L, 
-1039492772L, -1826065387L, -105557880L, 170389970L, -1869483049L, 
1476320294L, 1035267033L, -1188717311L, 1924720992L, 699700219L, 
1960067182L, -111320013L, -1189246709L, 503517479L, -1039028233L, 
-1231535138L, -1280488986L, -65898225L, 1985033426L, 1462534357L, 
-363626797L, -537581386L, 245368184L, -2099639998L, -1502644008L, 
1543416840L, 1328590553L, -371966833L, -1354983814L, 1372196352L, 
-1547883181L, -2029654620L, 1491740228L, -2024531754L, 1661222925L, 
-1512788991L, -1863220513L, -1030246274L, -1372699227L, 119202015L, 
-764453299L, 1002596337L, -46144428L, 507764768L, 1357186072L, 
-511526534L, -1570961788L, 651775461L, 1233072552L, 294979456L, 
124202546L, -639063823L, -1468564896L, 921356961L, -815266266L, 
-1451110284L, 453031112L, 689805545L, 954635668L, -1676091137L, 
1930713798L, -1291731779L, -1165571636L, 2042356462L, -299933316L, 
-2128403863L, 579955701L, 2095783177L, 1276208344L, 204815710L, 
-480186951L, 477436482L, 1132937011L, 580293488L, 255611610L, 
-1827340945L, 1533017686L, 861015557L, 441892444L, 1221485298L, 
1954635873L, -2140449357L, -1066034702L, -82326943L, -217283050L, 
-237377743L, -321641286L, 1035973174L, -160967751L, 745242068L, 
1707890882L, -932144882L, -949556514L, 1743181393L, -1716526859L, 
699167019L, 85817557L, -1093928909L, 2062590422L, 870679218L, 
2121660968L, 1533934154L, -733843559L, 1454356072L, -1871637713L, 
-553372206L, -835532510L, 60882797L, -130888100L, 2008617690L, 
299207896L, 1644626807L, -2089843433L, -1287212336L, 747973234L, 
-1266468252L, -551497556L, -375400470L, 684188378L, -1391050295L, 
-1186138749L, -1690037392L, 2051341143L, -728898501L, -2017254685L, 
1734232177L, -1139694156L, 62348985L, 1993042606L, -836398988L, 
1762043219L, -1580824134L, -445777445L, 9110772L, 1905543506L, 
1824416578L, -539585233L, 865903665L, 1315304790L, -1923272699L, 
-894184468L, 2113783159L, -1690720568L, 1043098758L, 522878748L, 
-701492242L, -1949034150L, 1232237273L, 231791527L, 1197295820L, 
-580491145L, 71144305L, 123111888L, -1577082141L, 1737114017L, 
1786096773L, 1824890845L, -1641947147L, 1790829669L, 1447217361L, 
937127771L, 1488371468L, -1101091842L, -2052519607L, -431269378L, 
-1822154559L, -1262684313L, -1450134569L, -1289530709L, 857612510L, 
-1378796517L, -376719298L, 2013157371L, 1867298790L, 1091493052L, 
475636046L, 1796358237L, 1861007785L, 1929725856L, -2064330183L, 
-882858212L, 1895919464L, -1393632253L, 395115730L, -2118992342L, 
-1977834267L, -1200394086L, -160633265L, 1322777747L, -1318014964L, 
1730232689L, -1997684614L, -805717959L, 1369759254L, -78063982L, 
1508804752L, 483734796L, 1746236804L, -213928849L, 1168745369L, 
-665349019L, -1793832740L, 1799676924L, -1632605607L, 1393514855L, 
-152742474L, -595089362L, -808271667L, -1915941943L, 1726456147L, 
1274708263L, 1523555883L, 529867773L, -1892032441L, -2067614847L, 
50825461L, -1914196194L, 2048023223L, 1450661953L, 1727574584L, 
-1269615564L, 1021754093L, -83513166L, -180851734L, -430327778L, 
-1745592254L, -1433023336L, 901668307L, -1549929657L, -1242159134L, 
218335807L, -4209919L, -1628537243L, 1853857003L, -1084616597L, 
